uid:1(593,5.000000)(293,4.750000)(47,4.750000)
uid:2(4022,3.000000)(2881,3.000000)(2724,2.500000)
uid:3(2628,4.000000)(2826,3.500000)
uid:4(2762,3.250000)
uid:5(1220,3.500000)
uid:6(356,4.250000)(590,3.250000)
uid:7
uid:8
uid:9(364,5.000000)(595,5.000000)
uid:10(7361,4.250000)(69757,3.500000)(4878,2.750000)
uid:11(260,5.000000)(1198,5.000000)(2797,5.000000)
uid:12(2571,4.500000)(541,4.000000)(318,3.750000)
uid:13
uid:14(1225,5.000000)(1242,5.000000)(318,4.500000)
uid:15(3396,3.245745)
uid:16
uid:17(637,2.750000)
uid:18(1270,4.750000)(527,4.750000)(2028,4.750000)
uid:19(3751,4.000000)(3623,3.500000)
uid:20
uid:21
uid:22
uid:23
uid:24(1958,4.500000)(1569,4.000000)(527,4.000000)
uid:25(858,5.000000)(21,3.500000)(1732,3.500000)
uid:26(2699,2.250000)
uid:27(838,4.000000)(356,4.000000)(223,4.000000)
uid:28(1704,4.500000)(1207,4.500000)(56367,4.500000)
uid:29(356,5.000000)(318,5.000000)(527,5.000000)
uid:30(58559,4.500000)
uid:31
uid:32(1968,4.250000)(1923,3.750000)(1270,3.000000)
uid:33
uid:34
uid:35(1372,5.000000)(329,5.000000)(1909,5.000000)
uid:36
uid:37(36,4.500000)(318,4.500000)(1704,4.500000)
uid:38(2692,3.500000)
uid:39(1080,4.250000)(5952,3.750000)(2174,3.750000)
uid:40(4306,5.000000)(5952,5.000000)(318,4.750000)
uid:41
uid:42(2858,5.000000)
uid:43(593,4.500000)(1213,4.250000)(296,4.250000)
uid:44(6539,4.750000)(1240,4.750000)(1270,4.500000)
uid:45(6016,4.500000)(50,4.500000)(1653,4.250000)
uid:46(2858,3.500000)(3791,2.750000)
uid:47(1198,4.500000)(1704,4.500000)(1197,4.250000)
uid:48
uid:49
uid:50(736,4.000000)(733,3.500000)
uid:51(3755,2.250000)
uid:52(7153,5.000000)(5952,4.750000)(2692,4.500000)
uid:53(318,5.000000)(527,2.750000)
uid:54(296,4.750000)(4878,4.500000)(1732,3.750000)
uid:55(1196,5.000000)(1198,5.000000)(318,5.000000)
uid:56
uid:57(805,4.500000)(780,4.000000)(32,4.000000)
uid:58(318,5.000000)(593,5.000000)(4993,4.250000)
uid:59(1721,4.000000)
uid:60(663,3.000000)
uid:61(903,5.000000)(2692,3.750000)(5878,3.500000)
uid:62(724,2.750000)(2858,2.250000)
uid:63(48516,5.000000)(50,4.750000)(79132,4.250000)
uid:64
uid:65(1036,5.000000)(593,5.000000)(1,4.500000)
uid:66(595,4.000000)(596,4.000000)
uid:67(2762,5.000000)(3408,4.500000)(2858,4.500000)
uid:68
uid:69
uid:70(318,4.750000)(1270,4.500000)(2959,4.000000)
uid:71(1704,4.750000)(480,4.750000)(1097,4.500000)
uid:72(899,2.750000)
uid:73
uid:74(141,4.500000)(608,4.500000)(780,4.000000)
uid:75
uid:76(4993,5.000000)(110,5.000000)(356,5.000000)
uid:77
uid:78
uid:79(318,3.750000)(110,3.750000)(595,3.250000)
uid:80(293,5.000000)(527,4.750000)(1784,4.750000)
uid:81
uid:82(1197,5.000000)(260,3.250000)
uid:83(135,3.000000)(736,2.500000)
uid:84(95,3.500000)
uid:85(3107,3.000000)(2840,1.250000)
uid:86(858,4.500000)
uid:87(1223,4.500000)(3006,2.500000)(1042,0.750000)
uid:88
uid:89
uid:90(1196,5.000000)(1917,2.250000)
uid:91(3751,4.000000)
uid:92(5952,4.000000)
uid:93
uid:94
uid:95
uid:96(58559,5.000000)(2918,4.500000)
uid:97
uid:98
uid:99
uid:100(527,5.000000)(293,4.750000)(593,3.750000)
uid:101(32,4.500000)(95,3.000000)
uid:102(6377,4.000000)(7361,3.750000)(4447,2.000000)
uid:103
uid:104(349,4.000000)
uid:105
uid:106(1208,5.000000)(541,5.000000)(1206,5.000000)
uid:107(913,4.000000)(3543,4.000000)(1968,4.000000)
uid:108(608,5.000000)(2396,4.500000)(2268,3.500000)
uid:109(3510,4.500000)(2791,3.500000)(3555,3.500000)
uid:110(1089,4.500000)(1241,4.000000)
uid:111
uid:112(318,5.000000)(1101,4.750000)(509,4.750000)
uid:113(34,4.500000)(265,4.250000)(904,4.250000)
uid:114(1198,4.250000)(2858,3.750000)
uid:115(733,4.250000)(780,4.250000)(648,3.500000)
uid:116(7361,4.250000)(109487,4.250000)
uid:117(2690,4.500000)(2762,4.250000)(1580,4.000000)
uid:118(1393,5.000000)(1721,5.000000)
uid:119
uid:120(3911,1.750000)
uid:121(1197,4.000000)
uid:122
uid:123(2571,4.750000)(59784,4.500000)(1,4.250000)
uid:124(3,4.500000)(32,4.000000)(62,4.000000)
uid:125
uid:126(5445,4.500000)(7153,4.500000)
uid:127(161,4.500000)(1,4.000000)(32,4.000000)
uid:128
uid:129(318,5.000000)(2028,5.000000)(1291,5.000000)
uid:130
uid:131(527,5.000000)(36,4.000000)(47,3.500000)
uid:132
uid:133(2571,4.000000)(924,3.000000)
uid:134
uid:135(1210,5.000000)(1288,4.250000)(1278,4.000000)
uid:136(6874,5.000000)(32587,5.000000)(7438,5.000000)
uid:137(344,3.000000)(4623,2.750000)
uid:138(1073,5.000000)(25,4.500000)(3,4.500000)
uid:139
uid:140
uid:141
uid:142(47,5.000000)(318,5.000000)(4993,4.500000)
uid:143(1,4.750000)(260,4.750000)(1210,4.250000)
uid:144(1370,2.750000)
uid:145(5952,5.000000)(318,5.000000)(106489,4.500000)
uid:146
uid:147(520,3.250000)
uid:148(2724,3.500000)(2355,3.000000)(2716,3.000000)
uid:149
uid:150
uid:151(1220,5.000000)(1270,5.000000)(1210,4.500000)
uid:152(3751,3.500000)
uid:153(2699,2.500000)
uid:154(1196,4.500000)(296,4.500000)(32,4.500000)
uid:155(2324,5.000000)(2710,4.250000)
uid:156(778,4.750000)(296,4.500000)(50,4.500000)
uid:157
uid:158(33794,4.500000)(1,4.500000)(318,4.500000)
uid:159
uid:160(590,4.500000)(150,4.000000)(165,4.000000)
uid:161(5876,4.750000)(858,4.250000)(3481,4.000000)
uid:162(2706,4.500000)(1270,4.500000)(2302,3.250000)
uid:163(36,4.500000)(802,4.250000)
uid:164
uid:165
uid:166
uid:167
uid:168(1278,4.500000)(1270,4.000000)(1288,3.500000)
uid:169(307,5.000000)(293,5.000000)(315,5.000000)
uid:170(527,5.000000)(2762,4.750000)(6377,4.750000)
uid:171(589,4.000000)(10,4.000000)(480,4.000000)
uid:172(2542,4.500000)(58559,4.500000)
uid:173
uid:174(4878,4.750000)(296,4.750000)(2959,4.750000)
uid:175
uid:176(608,5.000000)
uid:177
uid:178
uid:179(4975,4.500000)(1285,4.250000)(2395,3.500000)
uid:180(50,5.000000)(318,5.000000)(296,5.000000)
uid:181(231,4.500000)(318,4.250000)(356,4.250000)
uid:182(2959,4.500000)(1639,3.250000)(1032,3.250000)
uid:183
uid:184(1271,4.500000)
uid:185
uid:186(3793,3.250000)
uid:187(64957,4.500000)
uid:188(608,5.000000)(2336,2.750000)
uid:189(1,4.500000)
uid:190
uid:191(1203,4.750000)
uid:192
uid:193(595,4.000000)
uid:194(1917,4.000000)(1517,2.500000)
uid:195
uid:196(253,3.500000)
uid:197(1029,2.250000)
uid:198
uid:199(762,3.000000)(736,2.000000)
uid:200(3175,3.500000)
uid:201
uid:202(356,4.750000)(32,4.750000)(47,4.750000)
uid:203(592,4.500000)(2,4.250000)(500,4.000000)
uid:204
uid:205
uid:206(2858,5.000000)(2997,4.250000)(480,4.250000)
uid:207(736,4.000000)
uid:208(5445,4.500000)(1584,4.500000)(5989,4.250000)
uid:209(3578,5.000000)(608,4.000000)(2302,3.000000)
uid:210(32,5.000000)(296,5.000000)
uid:211(1917,4.000000)
uid:212
uid:213
uid:214(2145,4.000000)(2581,3.250000)
uid:215
uid:216(480,5.000000)
uid:217(1721,5.000000)
uid:218(296,5.000000)(47,4.000000)
uid:219
uid:220
uid:221(457,4.250000)
uid:222(356,4.000000)(1208,4.000000)(2,3.750000)
uid:223(3608,4.000000)
uid:224(69,5.000000)
uid:225(54286,4.750000)(51255,4.500000)(1196,4.500000)
uid:226(296,5.000000)(356,4.750000)(16,4.750000)
uid:227(377,4.000000)(1270,4.000000)(1441,3.750000)
uid:228
uid:229(1200,5.000000)(541,5.000000)(527,5.000000)
uid:230
uid:231(261,3.500000)(5,3.000000)
uid:232
uid:233(1196,4.750000)(260,4.500000)(1210,4.250000)
uid:234
uid:235(480,4.250000)
uid:236
uid:237(5,4.000000)
uid:238(5669,3.500000)
uid:239(1597,3.750000)
uid:240
uid:241(260,5.000000)(1580,4.500000)(1210,4.500000)
uid:242(58559,4.500000)
uid:243
uid:244(296,4.000000)(380,3.500000)(434,3.500000)
uid:245(608,4.500000)(141,4.500000)(17,4.000000)
uid:246(266,4.500000)(150,4.000000)(377,3.750000)
uid:247
uid:248(468,3.250000)
uid:249(68157,4.750000)(296,4.250000)(1193,3.750000)
uid:250(648,4.000000)
uid:251(593,5.000000)
uid:252(2571,5.000000)(1196,5.000000)(1704,4.500000)
uid:253(3671,3.250000)(2087,2.250000)
uid:254
uid:255
uid:256(2502,4.750000)(2858,4.250000)(1270,4.000000)
uid:257(1088,4.500000)
uid:258(527,4.500000)(858,4.250000)(6377,4.000000)
uid:259(111,4.000000)
uid:260(50,4.250000)
uid:261(700,3.000000)
uid:262
uid:263
uid:264(50,4.750000)(32,4.500000)(858,4.500000)
uid:265(780,4.000000)
uid:266(2268,4.000000)(2028,4.000000)(2628,3.750000)
uid:267(457,4.500000)(110,4.500000)(380,4.250000)
uid:268(2105,3.750000)
uid:269(1784,4.750000)(356,4.500000)(2700,4.250000)
uid:270
uid:271
uid:272(47,5.000000)(364,4.500000)(2085,3.250000)
uid:273(318,5.000000)(272,5.000000)(35,4.500000)
uid:274(780,5.000000)(593,5.000000)(150,4.750000)
uid:275(1639,3.500000)(2699,3.000000)
uid:276(141,4.000000)(260,4.000000)(708,3.500000)
uid:277(480,4.750000)(590,4.250000)(780,4.250000)
uid:278(47,4.500000)(50,4.500000)(223,3.500000)
uid:279
uid:280(2762,4.500000)(3114,2.000000)
uid:281(3638,4.500000)
uid:282
uid:283
uid:284(541,4.750000)(4973,4.750000)(1653,4.250000)
uid:285
uid:286(356,4.500000)(296,4.250000)(110,4.000000)
uid:287
uid:288(48516,5.000000)(3948,5.000000)(2858,4.750000)
uid:289(4993,5.000000)(5349,4.250000)(593,4.000000)
uid:290
uid:291(79132,4.250000)(4873,4.000000)(3996,3.750000)
uid:292
uid:293
uid:294(296,4.757525)(48516,4.515051)
uid:295
uid:296(4878,4.250000)(1259,4.000000)(4718,3.750000)
uid:297(637,4.000000)(21,4.000000)(20,4.000000)
uid:298(648,4.000000)(733,4.000000)(3,3.000000)
uid:299(58,4.000000)
uid:300(5952,5.000000)(7153,5.000000)(3114,4.500000)
uid:301(2858,5.000000)(318,5.000000)(2599,4.750000)
uid:302(2571,4.750000)(5989,4.500000)(3147,4.500000)
uid:303
uid:304(733,4.500000)
uid:305(4973,4.750000)(1199,4.500000)(2858,4.500000)
uid:306
uid:307(593,4.750000)(364,4.500000)(356,4.250000)
uid:308(2012,3.500000)
uid:309(2628,3.500000)(3988,3.000000)(2683,2.500000)
uid:310(7153,4.750000)(5952,4.750000)(1617,4.500000)
uid:311(63082,4.486183)(70286,3.743091)(72998,3.472365)
uid:312
uid:313
uid:314
uid:315(296,4.250000)(356,4.250000)(597,3.500000)
uid:316(527,4.500000)(17,4.500000)(515,4.000000)
uid:317(1704,4.750000)(5952,4.500000)(4993,4.500000)
uid:318(539,4.000000)(350,3.750000)(1307,3.750000)
uid:319(7153,5.000000)(7438,4.500000)(296,4.500000)
uid:320
uid:321
uid:322(527,4.750000)(1136,4.500000)(2396,4.250000)
uid:323(296,5.000000)(293,3.500000)
uid:324(899,4.500000)(1673,3.750000)
uid:325(2329,4.000000)(2959,4.000000)(2617,3.000000)
uid:326
uid:327(356,5.000000)(588,4.000000)(595,3.500000)
uid:328
uid:329(589,5.000000)(110,4.500000)(527,4.500000)
uid:330
uid:331(1254,5.000000)(1225,5.000000)(1136,5.000000)
uid:332(616,4.000000)(410,3.500000)(344,2.500000)
uid:333(10,3.500000)(434,3.500000)
uid:334(2858,5.000000)(912,5.000000)(2997,5.000000)
uid:335(541,4.750000)(2571,4.750000)(2712,4.750000)
uid:336(608,5.000000)(2396,4.000000)(2291,3.500000)
uid:337(253,4.500000)(648,4.500000)(266,4.250000)
uid:338(2571,4.750000)(1198,4.500000)(1196,4.250000)
uid:339
uid:340
uid:341(2324,5.000000)(527,5.000000)(296,4.750000)
uid:342(2762,4.750000)
uid:343(1206,5.000000)(356,5.000000)(1089,4.750000)
uid:344(802,4.250000)
uid:345
uid:346(296,4.000000)(778,2.750000)
uid:347(265,4.500000)(32,4.500000)(41,4.500000)
uid:348(914,2.750000)
uid:349
uid:350
uid:351(260,4.500000)(1210,3.500000)(1270,3.000000)
uid:352(104,4.500000)(648,4.000000)(141,4.000000)
uid:353
uid:354(858,5.000000)(1214,4.500000)
uid:355
uid:356(318,4.750000)(4226,4.500000)(79132,4.500000)
uid:357(3147,4.500000)(260,3.250000)(1196,2.500000)
uid:358(6377,4.000000)
uid:359(1968,4.500000)(2761,4.000000)
uid:360(527,4.500000)(296,4.500000)
uid:361(2571,5.000000)(2916,4.500000)(1196,4.500000)
uid:362
uid:363(52,4.500000)(141,4.500000)(62,4.500000)
uid:364(1,3.750000)(2762,3.500000)
uid:365
uid:366(247,3.500000)(230,2.750000)
uid:367(593,4.000000)(592,3.500000)
uid:368(106916,4.250000)(356,4.250000)(296,4.250000)
uid:369(2571,5.000000)(109487,5.000000)(1221,5.000000)
uid:370
uid:371(256,3.000000)
uid:372(2997,4.250000)(5669,4.000000)(4306,3.750000)
uid:373
uid:374(1242,5.000000)(1196,5.000000)(1225,5.000000)
uid:375(2683,2.750000)(19,2.500000)
uid:376(2959,4.750000)(6874,4.500000)(293,3.750000)
uid:377(2858,4.750000)(919,4.500000)(6863,4.500000)
uid:378(800,5.000000)(608,5.000000)(32,4.500000)
uid:379(736,3.000000)
uid:380
uid:381(296,5.000000)(1,5.000000)(32,4.000000)
uid:382
uid:383(4306,5.000000)(5952,4.750000)(4993,4.500000)
uid:384(31,2.750000)
uid:385(1127,4.000000)(2699,3.500000)
uid:386
uid:387(150,4.000000)(296,2.500000)
uid:388
uid:389(1291,4.000000)(1198,4.000000)(2926,4.000000)
uid:390(2329,4.250000)(5445,3.500000)
uid:391(7153,5.000000)(5952,5.000000)(2571,4.750000)
uid:392
uid:393(1304,4.500000)(1270,4.000000)(1210,3.000000)
uid:394(1957,3.500000)
uid:395(589,4.250000)(593,3.500000)
uid:396(1213,4.000000)(7438,4.000000)
uid:397(1221,5.000000)(858,5.000000)(318,5.000000)
uid:398(2571,5.000000)(924,5.000000)(4993,5.000000)
uid:399(1210,5.000000)(2791,5.000000)(1197,4.500000)
uid:400
uid:401(5060,3.750000)(370,3.750000)(1094,2.500000)
uid:402(648,5.000000)(733,4.500000)(5,3.000000)
uid:403
uid:404(260,5.000000)(329,4.500000)(589,3.500000)
uid:405
uid:406(2762,4.500000)
uid:407(1210,4.000000)(799,3.500000)
uid:408
uid:409(1356,4.500000)
uid:410
uid:411(589,5.000000)(293,4.750000)(110,4.750000)
uid:412
uid:413(2690,5.000000)(2762,4.250000)(1,4.250000)
uid:414(2987,4.250000)(2722,3.750000)(2840,3.000000)
uid:415(6539,4.750000)(589,4.500000)(260,4.500000)
uid:416(1233,4.000000)
uid:417(5878,4.000000)(4246,3.000000)(1639,2.000000)
uid:418
uid:419(589,5.000000)(161,4.500000)(368,4.500000)
uid:420(79132,5.000000)(91529,5.000000)(68157,4.750000)
uid:421(3996,4.500000)(1246,3.500000)
uid:422(253,4.000000)
uid:423(1614,3.500000)(1639,2.500000)
uid:424(720,4.500000)(318,4.250000)(457,3.750000)
uid:425
uid:426
uid:427(2231,4.500000)(2707,3.500000)(2688,2.250000)
uid:428
uid:429(318,4.250000)(260,4.000000)
uid:430
uid:431(32,4.000000)(6,4.000000)(733,4.000000)
uid:432(471,5.000000)
uid:433
uid:434
uid:435(318,3.500000)
uid:436(293,4.500000)(342,3.750000)(22,2.750000)
uid:437(1246,4.750000)(912,3.500000)(3751,3.000000)
uid:438(1704,4.250000)
uid:439
uid:440(6365,4.000000)(1136,3.750000)(1198,3.500000)
uid:441
uid:442
uid:443(150,4.500000)(296,4.500000)(590,4.500000)
uid:444(2918,5.000000)(1073,4.750000)(318,4.500000)
uid:445(2571,4.750000)(1198,4.500000)(592,4.000000)
uid:446(1639,3.000000)(315,2.750000)
uid:447(1127,4.500000)(1196,4.000000)(1210,4.000000)
uid:448
uid:449(608,5.000000)(527,5.000000)(1358,4.500000)
uid:450(923,4.500000)
uid:451(527,4.500000)(296,4.000000)(50,4.000000)
uid:452
uid:453(2717,3.750000)
uid:454(480,4.250000)(590,4.250000)(589,4.250000)
uid:455
uid:456(1073,4.000000)(608,4.000000)(784,2.750000)
uid:457
uid:458
uid:459(1225,5.000000)(1387,5.000000)(34,5.000000)
uid:460
uid:461
uid:462(318,5.000000)(296,5.000000)(480,5.000000)
uid:463(3984,3.256819)(2533,2.752273)
uid:464(736,3.250000)
uid:465(45,4.500000)
uid:466
uid:467(150,5.000000)(589,5.000000)(592,4.500000)
uid:468(18,2.454774)
uid:469(318,4.500000)(1097,4.500000)(480,4.500000)
uid:470
uid:471
uid:472
uid:473
uid:474(58559,4.750000)(7361,4.750000)(7153,4.500000)
uid:475(2699,3.250000)
uid:476(1208,4.000000)(3755,3.750000)
uid:477(3481,4.750000)(5995,4.750000)(3897,4.500000)
uid:478(110,5.000000)
uid:479(457,4.000000)(356,4.000000)(590,4.000000)
uid:480
uid:481
uid:482(5060,3.000000)
uid:483
uid:484(515,5.000000)(296,4.750000)(223,4.500000)
uid:485(914,2.750000)(3911,2.500000)(1022,2.250000)
uid:486
uid:487(5991,4.000000)
uid:488(296,5.000000)
uid:489(356,4.750000)(47,4.750000)(296,4.500000)
uid:490(1196,4.250000)(1380,4.000000)(1198,3.500000)
uid:491(4034,4.250000)(3147,3.750000)(4022,3.000000)
uid:492(296,4.750000)(589,4.500000)(110,4.500000)
uid:493(6,3.500000)
uid:494
uid:495(1584,4.250000)(1270,4.000000)(780,2.250000)
uid:496(2085,2.500000)
uid:497
uid:498(2571,5.000000)(1196,4.500000)(1210,4.500000)
uid:499(2571,4.750000)(1196,4.500000)(1704,4.250000)
uid:500
uid:501
uid:502
uid:503(110,4.500000)
uid:504(2571,4.750000)(1198,4.500000)(1196,4.250000)
uid:505
uid:506(1371,2.500000)
uid:507(7153,5.000000)(2571,5.000000)(5952,4.750000)
uid:508(1200,4.250000)(110,4.250000)(260,3.750000)
uid:509
uid:510
uid:511(356,4.000000)(480,3.000000)
uid:512(296,4.750000)(247,4.250000)(593,4.000000)
uid:513(2571,5.000000)(4993,4.750000)(5952,4.750000)
uid:514
uid:515(527,4.250000)(2858,4.000000)(480,3.500000)
uid:516(7361,4.000000)(3300,3.500000)
uid:517(924,5.000000)(1270,4.500000)(1206,4.500000)
uid:518
uid:519
uid:520(724,3.500000)
uid:521
uid:522
uid:523
uid:524(25,4.500000)(260,4.000000)(18,3.500000)
uid:525
uid:526
uid:527
uid:528(318,5.000000)(593,4.500000)(457,4.000000)
uid:529
uid:530(592,3.000000)
uid:531(260,4.250000)
uid:532(3408,4.500000)(3324,1.500000)
uid:533
uid:534
uid:535(1250,4.500000)(1639,2.250000)
uid:536(2692,5.000000)(608,5.000000)(2324,4.750000)
uid:537(8972,4.000000)
uid:538(5952,4.750000)(2302,3.250000)
uid:539(110,4.250000)(541,4.000000)(924,4.000000)
uid:540(593,4.000000)(2571,3.750000)(2858,3.500000)
uid:541(527,5.000000)(3755,4.000000)
uid:542(260,4.000000)
uid:543(527,5.000000)(2571,5.000000)(110,5.000000)
uid:544(736,3.000000)
uid:545
uid:546
uid:547(5378,2.080780)
uid:548(2959,5.000000)(2762,4.500000)(1198,4.000000)
uid:549(2712,4.500000)(2959,4.000000)(3578,3.250000)
uid:550
uid:551
uid:552(858,5.000000)(1221,5.000000)(111,4.500000)
uid:553
uid:554(296,5.000000)(293,4.000000)
uid:555
uid:556(110,5.000000)(527,5.000000)(293,4.750000)
uid:557(10,4.500000)(364,4.500000)(480,4.000000)
uid:558(356,5.000000)(1,5.000000)(6377,4.750000)
uid:559(4973,4.750000)(51662,3.750000)(74789,3.250000)
uid:560
uid:561(1193,5.000000)
uid:562
uid:563(3408,4.000000)(3552,3.500000)(3481,3.500000)
uid:564(81591,4.542027)(4226,4.000000)(8665,3.415946)
uid:565(2692,3.000000)
uid:566(912,5.000000)(858,5.000000)(5989,5.000000)
uid:567(173,3.750000)(21,3.500000)(466,3.500000)
uid:568(2959,3.750000)(1295,2.750000)
uid:569
uid:570(1617,4.000000)
uid:571(1073,4.500000)(590,4.000000)(736,4.000000)
uid:572
uid:573(2858,4.000000)
uid:574(1293,3.250000)(1287,2.500000)
uid:575
uid:576(589,5.000000)(1,4.500000)(497,4.500000)
uid:577
uid:578(4886,3.750000)(4306,3.500000)(5952,2.500000)
uid:579(318,4.750000)(4995,4.750000)(356,4.500000)
uid:580
uid:581(1089,5.000000)(296,5.000000)(2959,4.750000)
uid:582(50,3.750000)
uid:583(1197,4.000000)(342,1.750000)
uid:584(762,2.250000)
uid:585(5669,3.500000)
uid:586(4228,3.500000)
uid:587
uid:588(1704,4.750000)(2858,4.750000)(1221,4.500000)
uid:589(4993,4.500000)(5952,4.500000)(3578,4.000000)
uid:590
uid:591
uid:592
uid:593(2858,5.000000)(785,4.750000)(2395,4.500000)
uid:594(50,4.500000)
uid:595(805,4.500000)(780,4.000000)(32,4.000000)
uid:596(24,3.250000)
uid:597(4896,5.000000)(8368,5.000000)(5816,4.750000)
uid:598
uid:599(318,4.500000)(2706,4.500000)(1704,4.500000)
uid:600(4993,4.750000)(7153,4.750000)(2324,4.500000)
uid:601(2797,5.000000)(1270,4.750000)(50,4.500000)
uid:602
uid:603
uid:604(1148,5.000000)(1198,4.750000)(1136,4.750000)
uid:605(6377,4.000000)
uid:606(318,4.500000)(47,4.000000)
uid:607
uid:608
uid:609(2571,4.500000)(50,4.500000)(4993,4.500000)
uid:610(2858,4.750000)(1220,4.000000)(2174,4.000000)
uid:611(1240,4.500000)(1196,4.500000)(1210,4.500000)
uid:612
uid:613
uid:614(3751,2.250000)
uid:615(588,5.000000)
uid:616(589,4.750000)(318,4.500000)(457,4.250000)
uid:617
uid:618(1196,5.000000)(1198,5.000000)(260,5.000000)
uid:619(2683,2.750000)(19,2.500000)
uid:620(3481,4.000000)(3515,4.000000)
uid:621(110,5.000000)(380,4.500000)(10,4.500000)
uid:622(527,4.000000)(111,4.000000)(2858,4.000000)
uid:623
uid:624(3963,3.466836)
uid:625(32,4.500000)(260,4.000000)(593,4.000000)
uid:626(296,5.000000)(1213,5.000000)(1089,4.500000)
uid:627
uid:628(1,3.500000)
uid:629
uid:630(1407,3.000000)
uid:631(898,4.750000)(58,4.500000)(908,4.500000)
uid:632(2762,4.500000)
uid:633(25,4.000000)(135,4.000000)
uid:634(356,4.500000)(1721,4.250000)(8636,3.750000)
uid:635(10,3.500000)
uid:636(2502,5.000000)(1625,5.000000)(3578,5.000000)
uid:637(2502,5.000000)(1198,5.000000)(1270,5.000000)
uid:638(4993,5.000000)(3510,4.750000)(1393,4.500000)
uid:639
uid:640(4993,5.000000)(1198,5.000000)(318,5.000000)
uid:641(4306,4.250000)(1682,4.250000)
uid:642
uid:643(1,5.000000)(34,4.500000)(595,4.500000)
uid:644(1367,4.000000)(1608,3.500000)
uid:645
uid:646
uid:647(849,2.500000)
uid:648(3101,4.750000)
uid:649(780,3.000000)(736,2.500000)
uid:650(527,4.500000)(2028,4.500000)(2947,4.000000)
uid:651(25,5.000000)(32,4.500000)(733,4.500000)
uid:652(2700,2.000000)(3114,0.750000)
uid:653(912,5.000000)(2028,4.500000)(1196,4.000000)
uid:654
uid:655
uid:656(4239,3.250000)(4816,2.500000)
uid:657(541,4.750000)(2571,4.500000)(1200,4.500000)
uid:658
uid:659(4973,4.000000)
uid:660
uid:661
uid:662(2571,5.000000)(1210,4.500000)(1200,4.500000)
uid:663(1148,5.000000)(527,5.000000)(589,4.500000)
uid:664
uid:665
uid:666(4975,4.500000)(1285,4.250000)(2395,3.500000)
uid:667(1291,4.500000)(1198,4.500000)(1196,4.000000)
uid:668(527,3.750000)(31,3.250000)
uid:669(2571,4.750000)(4993,4.500000)(44191,4.500000)
uid:670
uid:671
