uid:1(205,5.000000)(81,5.000000)(97,5.000000)
uid:2(58,5.000000)(49,5.000000)(60069,5.000000)
uid:3(35,5.000000)(9,5.000000)(26,5.000000)
uid:4(21,5.000000)(60069,5.000000)(6,5.000000)
uid:5(55,5.000000)(41,5.000000)(45,5.000000)
uid:6(12,5.000000)(60069,5.000000)(6,5.000000)
uid:7(54,5.000000)(25,5.000000)(26,5.000000)
uid:8(49,5.000000)(9,5.000000)(26,5.000000)
uid:9(41,5.000000)(12,5.000000)(35,5.000000)
uid:10(12,5.000000)(8,5.000000)(60069,5.000000)
uid:11(32,5.000000)(28,5.000000)(30,5.000000)
uid:12(38,5.000000)(20,5.000000)(35,5.000000)
uid:13(80,5.000000)(37,5.000000)(57,5.000000)
uid:14(85,5.000000)(44,5.000000)(76,5.000000)
uid:15(99,5.000000)(49,5.000000)(26,5.000000)
uid:16(55,5.000000)(9,5.000000)(12,5.000000)
uid:17(12,5.000000)(8,5.000000)(9,5.000000)
uid:18(60,5.000000)(34,5.000000)(41,5.000000)
uid:19(54,5.000000)(38,5.000000)(49,5.000000)
uid:20(25,5.000000)(12,5.000000)(20,5.000000)
uid:21(103,5.000000)(60,5.000000)(38,5.000000)
uid:22(80,5.000000)(73,5.000000)(60069,5.000000)
uid:23(46,5.000000)(5,5.000000)(35,5.000000)
uid:24(28,5.000000)(15,5.000000)(4,5.000000)
uid:25(116,5.000000)(111,5.000000)(55,5.000000)
uid:26(49,5.000000)(48,5.000000)(20,5.000000)
uid:27(9,5.000000)(5,5.000000)(3,5.000000)
uid:28(9,5.000000)(8,5.000000)(5,5.000000)
uid:29(31,5.000000)(18,5.000000)(6,5.000000)
uid:30(49,5.000000)(17,5.000000)(26,5.000000)
uid:31(68,5.000000)(64,5.000000)(42,5.000000)
uid:32(37,5.000000)(25,5.000000)(60069,5.000000)
uid:33(55,5.000000)(27,5.000000)(60069,5.000000)
uid:34(80219,5.000000)(18,5.000000)(7,5.000000)
uid:35(69,5.000000)(26,5.000000)(18,5.000000)
uid:36(48,5.000000)(26,5.000000)(60069,5.000000)
uid:37(54,5.000000)(30,5.000000)(6,5.000000)
uid:38(55,5.000000)(45,5.000000)(20,5.000000)
uid:39(58,5.000000)(15,5.000000)(30,5.000000)
uid:40(38,5.000000)(37,5.000000)(35,5.000000)
uid:41(213,5.000000)(99,5.000000)(188,5.000000)
uid:42(38,5.000000)(4,5.000000)(8,5.000000)
uid:43(18,5.000000)(7,5.000000)(12,5.000000)
uid:44(66,5.000000)(37,5.000000)(45,5.000000)
uid:45(9,5.000000)(6,5.000000)(5,5.000000)
uid:46(6,5.000000)(4,5.000000)(5,5.000000)
uid:47(41,5.000000)(38,5.000000)(60069,5.000000)
uid:48(209,5.000000)(147,5.000000)(55,5.000000)
uid:49(6,5.000000)(60069,5.000000)(4,5.000000)
uid:50(58,5.000000)(41,5.000000)(15,5.000000)
uid:51(26,5.000000)(18,5.000000)(15,5.000000)
uid:52(13,5.000000)(9,5.000000)(4,5.000000)
uid:53(57,5.000000)(40,5.000000)(20,5.000000)
uid:54(100083,5.000000)(30,5.000000)(23,5.000000)
uid:55(18,5.000000)(15,5.000000)(14,5.000000)
uid:56(41,5.000000)(5,5.000000)(4,5.000000)
uid:57(20,5.000000)(8,5.000000)(6,5.000000)
uid:58(20,5.000000)(17,5.000000)(9,5.000000)
uid:59(89,5.000000)(38,5.000000)(4,5.000000)
uid:60(9,5.000000)(5,5.000000)(7,5.000000)
uid:61(63,5.000000)(54,5.000000)(9,5.000000)
uid:62(23,5.000000)(4,5.000000)(6,5.000000)
uid:63(57,5.000000)(38,5.000000)(18,5.000000)
uid:64(81,5.000000)(59,5.000000)(49,5.000000)
uid:65(24,5.000000)(7,5.000000)(8,5.000000)
uid:66(38,5.000000)(18,5.000000)(26,5.000000)
uid:67(25,5.000000)(21,5.000000)(15,5.000000)
uid:68(64,5.000000)(57,5.000000)(61,5.000000)
uid:69(32,5.000000)(21,5.000000)(18,5.000000)
uid:70(34,5.000000)(30,5.000000)(15,5.000000)
uid:71(15,5.000000)(4,5.000000)(5,5.000000)
uid:72(102,5.000000)(73,5.000000)(99,5.000000)
uid:73(155,5.000000)(103,5.000000)(99,5.000000)
uid:74(14,5.000000)(6,5.000000)(4,5.000000)
uid:75(38,5.000000)(12,5.000000)(20,5.000000)
uid:76(29,5.000000)(26,5.000000)(23,5.000000)
uid:77(177,5.000000)(147,5.000000)(176,5.000000)
uid:78(164,5.000000)(26,5.000000)(9,5.000000)
uid:79(55,5.000000)(37,5.000000)(35,5.000000)
uid:80(57,5.000000)(38,5.000000)(26729,5.000000)
uid:81(21,5.000000)(8,5.000000)(3,5.000000)
uid:82(25,5.000000)(15,5.000000)(60069,5.000000)
uid:83(12,5.000000)(8,5.000000)(9,5.000000)
uid:84(102,5.000000)(9,5.000000)(27,5.000000)
uid:85(117,5.000000)(38,5.000000)(25,5.000000)
uid:86(12,5.000000)(8,5.000000)(60069,5.000000)
uid:87(78,5.000000)(57,5.000000)(15,5.000000)
uid:88(103,5.000000)(38,5.000000)(8,5.000000)
uid:89(7,5.000000)(6,5.000000)(60069,5.000000)
uid:90(20,5.000000)(9,5.000000)(12,5.000000)
uid:91(18,5.000000)(9,5.000000)(7,5.000000)
uid:92(68,5.000000)(54,5.000000)(58,5.000000)
uid:93(177,5.000000)(147,5.000000)(18,5.000000)
uid:94(46,5.000000)(30,5.000000)(37,5.000000)
uid:95(38,5.000000)(26,5.000000)(20,5.000000)
uid:96(13,5.000000)(6,5.000000)(8,5.000000)
uid:97(18,5.000000)(8,5.000000)(5,5.000000)
uid:98(27,5.000000)(26,5.000000)(20,5.000000)
uid:99(26,5.000000)(6,5.000000)(5,5.000000)
uid:100(37,5.000000)(15,5.000000)(17,5.000000)
uid:101(27,5.000000)(20,5.000000)(26,5.000000)
uid:102(6,5.000000)(5,5.000000)(4,5.000000)
uid:103(20,5.000000)(60069,5.000000)(4,5.000000)
uid:104(23,5.000000)(20,5.000000)(4,5.000000)
uid:105(177,5.000000)(18,5.000000)(48,5.000000)
uid:106(37,5.000000)(23,5.000000)(21,5.000000)
uid:107(43,5.000000)(41,5.000000)(9,5.000000)
uid:108(25,5.000000)(18,5.000000)(8,5.000000)
uid:109(9,5.000000)(60069,5.000000)(4,5.000000)
uid:110(12,5.000000)(8,5.000000)(60069,5.000000)
uid:111(73,5.000000)(57,5.000000)(26,5.000000)
uid:112(9,5.000000)(60069,5.000000)(4,5.000000)
uid:113(30,5.000000)(28,5.000000)(17,5.000000)
uid:114(69,5.000000)(30,5.000000)(48,5.000000)
uid:115(20,5.000000)(7,5.000000)(8,5.000000)
uid:116(26,5.000000)(18,5.000000)(25,5.000000)
uid:117(5,5.000000)(60069,5.000000)(3,5.000000)
uid:118(18,5.000000)(9,5.000000)(5,5.000000)
uid:119(38,5.000000)(12,5.000000)(20,5.000000)
uid:120(54,5.000000)(45,5.000000)(20,5.000000)
uid:121(73,5.000000)(64,5.000000)(15,5.000000)
uid:122(38,5.000000)(35,5.000000)(15,5.000000)
uid:123(21,5.000000)(18,5.000000)(9,5.000000)
uid:124(46,5.000000)(8,5.000000)(5,5.000000)
uid:125(38,5.000000)(35,5.000000)(9,5.000000)
uid:126(73,5.000000)(54,5.000000)(8,5.000000)
uid:127(81,5.000000)(68,5.000000)(8,5.000000)
uid:128(78,5.000000)(38,5.000000)(73,5.000000)
uid:129(44,5.000000)(21,5.000000)(28,5.000000)
uid:130(181,5.000000)(178,5.000000)(57,5.000000)
uid:131(17,5.000000)(8,5.000000)(60069,5.000000)
uid:132(7,5.000000)(6,5.000000)(5,5.000000)
uid:133(78,5.000000)(6,5.000000)(4,5.000000)
uid:134(38,5.000000)(26,5.000000)(12,5.000000)
uid:135(72,5.000000)(54,5.000000)(36,5.000000)
uid:136(25,5.000000)(12,5.000000)(18,5.000000)
uid:137(54,5.000000)(48,5.000000)(6,5.000000)
uid:138(66,5.000000)(35,5.000000)(5,5.000000)
uid:139(21,5.000000)(12,5.000000)(18,5.000000)
uid:140(57,5.000000)(42,5.000000)(26,5.000000)
uid:141(47,5.000000)(35,5.000000)(60069,5.000000)
uid:142(12,5.000000)(8,5.000000)(60069,5.000000)
uid:143(12,5.000000)(4,5.000000)(9,5.000000)
uid:144(26,5.000000)(25,5.000000)(60069,5.000000)
uid:145(8,5.000000)(4,5.000000)(60069,5.000000)
uid:146(45,5.000000)(38,5.000000)(27,5.000000)
uid:147(17,5.000000)(12,5.000000)(14,5.000000)
uid:148(64,5.000000)(38,5.000000)(60069,5.000000)
uid:149(48,5.000000)(37,5.000000)(8,5.000000)
uid:150(80219,5.000000)(20,5.000000)(55,5.000000)
uid:151(58,5.000000)(25,5.000000)(60069,5.000000)
uid:152(68,5.000000)(57,5.000000)(8,5.000000)
uid:153(18,5.000000)(13,5.000000)(8,5.000000)
uid:154(55,5.000000)(66665,5.000000)(21,5.000000)
uid:155(49,5.000000)(27,5.000000)(28,5.000000)
uid:156(8,5.000000)(6,5.000000)(5,5.000000)
uid:157(66,5.000000)(43,5.000000)(5,5.000000)
uid:158(17,5.000000)(4,5.000000)(7,5.000000)
uid:159(37,5.000000)(35,5.000000)(26,5.000000)
uid:160(40,5.000000)(27,5.000000)(37,5.000000)
uid:161(111,5.000000)(54,5.000000)(37,5.000000)
uid:162(26,5.000000)(13,5.000000)(15,5.000000)
uid:163(42,5.000000)(26,5.000000)(20,5.000000)
uid:164(38,5.000000)(37,5.000000)(9,5.000000)
uid:165(213,5.000000)(76,5.000000)(37,5.000000)
uid:166(37,5.000000)(30,5.000000)(35,5.000000)
uid:167(23,5.000000)(6,5.000000)(17,5.000000)
uid:168(26,5.000000)(12,5.000000)(60069,5.000000)
uid:169(27,5.000000)(9,5.000000)(4,5.000000)
uid:170(81,5.000000)(73,5.000000)(68,5.000000)
uid:171(40,5.000000)(35,5.000000)(38,5.000000)
uid:172(21,5.000000)(20,5.000000)(4,5.000000)
uid:173(55,5.000000)(49,5.000000)(42,5.000000)
uid:174(18,5.000000)(8,5.000000)(13,5.000000)
uid:175(43,5.000000)(37,5.000000)(41,5.000000)
uid:176(35,5.000000)(21,5.000000)(5,5.000000)
uid:177(17,5.000000)(60069,5.000000)(4,5.000000)
uid:178(68,5.000000)(45,5.000000)(38,5.000000)
uid:179(47,5.000000)(30,5.000000)(7,5.000000)
uid:180(44,5.000000)(26,5.000000)(29,5.000000)
uid:181(9,5.000000)(60069,5.000000)(4,5.000000)
uid:182(41,5.000000)(37,5.000000)(26,5.000000)
uid:183(10,5.000000)(7,5.000000)(4,5.000000)
uid:184(55,5.000000)(48,5.000000)(25,5.000000)
uid:185(46,5.000000)(41,5.000000)(20,5.000000)
uid:186(37,5.000000)(35,5.000000)(133419,5.000000)
uid:187(81,5.000000)(78,5.000000)(49,5.000000)
uid:188(21,5.000000)(8,5.000000)(60069,5.000000)
uid:189(34,5.000000)(29,5.000000)(12,5.000000)
uid:190(27,5.000000)(5,5.000000)(60069,5.000000)
uid:191(45,5.000000)(25,5.000000)(26,5.000000)
uid:192(49,5.000000)(38,5.000000)(60069,5.000000)
uid:193(49,5.000000)(35,5.000000)(48,5.000000)
uid:194(68,5.000000)(38,5.000000)(54,5.000000)
uid:195(80219,5.000000)(64,5.000000)(80,5.000000)
uid:196(21,5.000000)(17,5.000000)(18,5.000000)
uid:197(23,5.000000)(21,5.000000)(8,5.000000)
uid:198(37,5.000000)(26,5.000000)(35,5.000000)
uid:199(69,5.000000)(66,5.000000)(28,5.000000)
uid:200(49,5.000000)(46,5.000000)(5,5.000000)
uid:201(45,5.000000)(38,5.000000)(41,5.000000)
uid:202(21,5.000000)(20,5.000000)(12,5.000000)
uid:203(9,5.000000)(8,5.000000)(5,5.000000)
uid:204(35,5.000000)(6,5.000000)(60069,5.000000)
uid:205(92,5.000000)(38,5.000000)(55,5.000000)
uid:206(123,5.000000)(103,5.000000)(81,5.000000)
uid:207(38,5.000000)(18,5.000000)(9,5.000000)
uid:208(20,5.000000)(5,5.000000)(13,5.000000)
uid:209(48,5.000000)(66665,5.000000)(9,5.000000)
uid:210(37,5.000000)(18,5.000000)(12,5.000000)
uid:211(26,5.000000)(12,5.000000)(60069,5.000000)
uid:212(199,5.000000)(178,5.000000)(177,5.000000)
uid:213(177,5.000000)(164,5.000000)(73,5.000000)
uid:214(45,5.000000)(8,5.000000)(18,5.000000)
uid:215(9,5.000000)(8,5.000000)(3,5.000000)
uid:216(38,5.000000)(26,5.000000)(4,5.000000)
uid:217(38,5.000000)(20,5.000000)(9,5.000000)
uid:218(101,5.000000)(99,5.000000)(64,5.000000)
uid:219(48,5.000000)(38,5.000000)(4,5.000000)
uid:220(26,5.000000)(12,5.000000)(20,5.000000)
uid:221(123,5.000000)(35,5.000000)(46,5.000000)
uid:222(29,5.000000)(26,5.000000)(23,5.000000)
uid:223(78,5.000000)(48,5.000000)(26729,5.000000)
uid:224(61,5.000000)(26,5.000000)(38,5.000000)
uid:225(26,5.000000)(18,5.000000)(25,5.000000)
uid:226(72,5.000000)(41,5.000000)(66,5.000000)
uid:227(31,5.000000)(28,5.000000)(25,5.000000)
uid:228(17,5.000000)(8,5.000000)(4,5.000000)
uid:229(41,5.000000)(9,5.000000)(5,5.000000)
uid:230(35,5.000000)(11,5.000000)(15,5.000000)
uid:231(14,5.000000)(13,5.000000)(4,5.000000)
uid:232(99,5.000000)(49,5.000000)(54,5.000000)
uid:233(149,5.000000)(45,5.000000)(121,5.000000)
uid:234(38,5.000000)(26,5.000000)(8,5.000000)
uid:235(73,5.000000)(18,5.000000)(25,5.000000)
uid:236(9,5.000000)(5,5.000000)(4,5.000000)
uid:237(12,5.000000)(8,5.000000)(4,5.000000)
uid:238(38,5.000000)(26,5.000000)(4,5.000000)
uid:239(103,5.000000)(78,5.000000)(6,5.000000)
uid:240(41,5.000000)(37,5.000000)(18,5.000000)
uid:241(78,5.000000)(73,5.000000)(8,5.000000)
uid:242(49,5.000000)(38,5.000000)(60069,5.000000)
uid:243(117,5.000000)(111,5.000000)(37,5.000000)
uid:244(37,5.000000)(14,5.000000)(4,5.000000)
uid:245(26,5.000000)(8,5.000000)(5,5.000000)
uid:246(35,5.000000)(15,5.000000)(28,5.000000)
uid:247(73,5.000000)(49,5.000000)(37,5.000000)
uid:248(5,5.000000)(60069,5.000000)(4,5.000000)
uid:249(59,5.000000)(25,5.000000)(4,5.000000)
uid:250(30,5.000000)(8,5.000000)(26,5.000000)
uid:251(85,5.000000)(66,5.000000)(26,5.000000)
uid:252(113,5.000000)(73,5.000000)(54,5.000000)
uid:253(48,5.000000)(12,5.000000)(45,5.000000)
uid:254(26,5.000000)(6,5.000000)(8,5.000000)
uid:255(26,5.000000)(20,5.000000)(21,5.000000)
uid:256(73,5.000000)(15,5.000000)(26,5.000000)
uid:257(42,5.000000)(13,5.000000)(9,5.000000)
uid:258(133419,5.000000)(25,5.000000)(27,5.000000)
uid:259(21,5.000000)(20,5.000000)(60069,5.000000)
uid:260(20,5.000000)(18,5.000000)(7,5.000000)
uid:261(35,5.000000)(9,5.000000)(60069,5.000000)
uid:262(12,5.000000)(9,5.000000)(5,5.000000)
uid:263(147,5.000000)(117,5.000000)(73,5.000000)
uid:264(133419,5.000000)(8,5.000000)(23,5.000000)
uid:265(38,5.000000)(20,5.000000)(26,5.000000)
uid:266(49,5.000000)(37,5.000000)(8,5.000000)
uid:267(41,5.000000)(38,5.000000)(7,5.000000)
uid:268(80,5.000000)(8,5.000000)(49,5.000000)
uid:269(21,5.000000)(14,5.000000)(5,5.000000)
uid:270(37,5.000000)(23,5.000000)(4,5.000000)
uid:271(28,5.000000)(9,5.000000)(4,5.000000)
uid:272(30,5.000000)(17,5.000000)(6,5.000000)
uid:273(27,5.000000)(8,5.000000)(9,5.000000)
uid:274(64,5.000000)(59,5.000000)(4,5.000000)
uid:275(46,5.000000)(37,5.000000)(9,5.000000)
uid:276(48,5.000000)(9,5.000000)(4,5.000000)
uid:277(9,5.000000)(7,5.000000)(6,5.000000)
uid:278(55,5.000000)(15,5.000000)(7,5.000000)
uid:279(76,5.000000)(49,5.000000)(25,5.000000)
uid:280(25,5.000000)(18,5.000000)(20,5.000000)
uid:281(26,5.000000)(9,5.000000)(6,5.000000)
uid:282(27,5.000000)(26,5.000000)(8,5.000000)
uid:283(40,5.000000)(26,5.000000)(27,5.000000)
uid:284(41,5.000000)(26,5.000000)(133419,5.000000)
uid:285(12,5.000000)(9,5.000000)(60069,5.000000)
uid:286(42,5.000000)(27,5.000000)(30,5.000000)
uid:287(6,5.000000)(4,5.000000)(5,5.000000)
uid:288(54,5.000000)(37,5.000000)(13,5.000000)
uid:289(20,5.000000)(18,5.000000)(6,5.000000)
uid:290(27,5.000000)(26,5.000000)(9,5.000000)
uid:291(12,5.000000)(60069,5.000000)(8,5.000000)
uid:292(111,5.000000)(68,5.000000)(41,5.000000)
uid:293(69,5.000000)(20,5.000000)(12,5.000000)
uid:294(80219,5.000000)(121,5.000000)(49,5.000000)
uid:295(155,5.000000)(121,5.000000)(57,5.000000)
uid:296(6,5.000000)(5,5.000000)(60069,5.000000)
uid:297(35,5.000000)(12,5.000000)(5,5.000000)
uid:298(17,5.000000)(14,5.000000)(9,5.000000)
uid:299(60,5.000000)(12,5.000000)(41,5.000000)
uid:300(46,5.000000)(9,5.000000)(38,5.000000)
uid:301(12,5.000000)(10,5.000000)(4,5.000000)
uid:302(58,5.000000)(54,5.000000)(8,5.000000)
uid:303(99,5.000000)(64,5.000000)(18,5.000000)
uid:304(26,5.000000)(8,5.000000)(12,5.000000)
uid:305(37,5.000000)(35,5.000000)(18,5.000000)
uid:306(54,5.000000)(26,5.000000)(60069,5.000000)
uid:307(55,5.000000)(35,5.000000)(45,5.000000)
uid:308(18,5.000000)(6,5.000000)(12,5.000000)
uid:309(45,5.000000)(37,5.000000)(4,5.000000)
uid:310(76,5.000000)(64,5.000000)(71,5.000000)
uid:311(99,5.000000)(38,5.000000)(73,5.000000)
uid:312(37,5.000000)(60069,5.000000)(12,5.000000)
uid:313(45,5.000000)(40,5.000000)(43,5.000000)
uid:314(15,5.000000)(5,5.000000)(14,5.000000)
uid:315(34,5.000000)(5,5.000000)(9,5.000000)
uid:316(117,5.000000)(87,5.000000)(46,5.000000)
uid:317(85,5.000000)(49,5.000000)(18,5.000000)
uid:318(30,5.000000)(25,5.000000)(4,5.000000)
uid:319(86,5.000000)(68,5.000000)(76,5.000000)
uid:320(46,5.000000)(44,5.000000)(35,5.000000)
uid:321(26,5.000000)(18,5.000000)(12,5.000000)
uid:322(15,5.000000)(13,5.000000)(6,5.000000)
uid:323(29,5.000000)(26,5.000000)(4,5.000000)
uid:324(30,5.000000)(21,5.000000)(9,5.000000)
uid:325(38,5.000000)(13,5.000000)(37,5.000000)
uid:326(41,5.000000)(25,5.000000)(38,5.000000)
uid:327(45,5.000000)(26,5.000000)(18,5.000000)
uid:328(187,5.000000)(99,5.000000)(48,5.000000)
uid:329(66,5.000000)(26,5.000000)(66665,5.000000)
uid:330(48,5.000000)(26,5.000000)(38,5.000000)
uid:331(18,5.000000)(12,5.000000)(9,5.000000)
uid:332(45,5.000000)(44,5.000000)(42,5.000000)
uid:333(28,5.000000)(27,5.000000)(18,5.000000)
uid:334(42,5.000000)(30,5.000000)(9,5.000000)
uid:335(27,5.000000)(25,5.000000)(3,5.000000)
uid:336(35,5.000000)(12,5.000000)(8,5.000000)
uid:337(13,5.000000)(6,5.000000)(7,5.000000)
uid:338(113,5.000000)(80,5.000000)(60069,5.000000)
uid:339(45,5.000000)(43,5.000000)(4,5.000000)
uid:340(29,5.000000)(8,5.000000)(14,5.000000)
uid:341(28,5.000000)(20,5.000000)(27,5.000000)
uid:342(9,5.000000)(8,5.000000)(5,5.000000)
uid:343(15,5.000000)(12,5.000000)(4,5.000000)
uid:344(58,5.000000)(49,5.000000)(12,5.000000)
uid:345(20,5.000000)(12,5.000000)(9,5.000000)
uid:346(26,5.000000)(60069,5.000000)(4,5.000000)
uid:347(18,5.000000)(9,5.000000)(4,5.000000)
uid:348(10,5.000000)(6,5.000000)(3,5.000000)
uid:349(26,5.000000)(20,5.000000)(5,5.000000)
uid:350(27,5.000000)(20,5.000000)(60069,5.000000)
uid:351(8,5.000000)(7,5.000000)(60069,5.000000)
uid:352(113,5.000000)(85,5.000000)(99,5.000000)
uid:353(176,5.000000)(147,5.000000)(45,5.000000)
uid:354(25,5.000000)(21,5.000000)(12,5.000000)
uid:355(54,5.000000)(49,5.000000)(37,5.000000)
uid:356(23,5.000000)(9,5.000000)(21,5.000000)
uid:357(69,5.000000)(63,5.000000)(26,5.000000)
uid:358(54,5.000000)(49,5.000000)(60069,5.000000)
uid:359(41,5.000000)(18,5.000000)(27,5.000000)
uid:360(55,5.000000)(8,5.000000)(44,5.000000)
uid:361(73,5.000000)(69,5.000000)(49,5.000000)
uid:362(41,5.000000)(27,5.000000)(5,5.000000)
uid:363(20,5.000000)(12,5.000000)(60069,5.000000)
uid:364(15,5.000000)(5,5.000000)(4,5.000000)
uid:365(9,5.000000)(60069,5.000000)(4,5.000000)
uid:366(41,5.000000)(8879,5.000000)(6,5.000000)
uid:367(38,5.000000)(26,5.000000)(60069,5.000000)
uid:368(18,5.000000)(6,5.000000)(7,5.000000)
uid:369(76,5.000000)(68,5.000000)(12,5.000000)
uid:370(38,5.000000)(12,5.000000)(25,5.000000)
uid:371(37,5.000000)(30,5.000000)(5,5.000000)
uid:372(38,5.000000)(37,5.000000)(9,5.000000)
uid:373(28,5.000000)(12,5.000000)(7,5.000000)
uid:374(23,5.000000)(21,5.000000)(9,5.000000)
uid:375(54,5.000000)(25,5.000000)(4,5.000000)
uid:376(19,5.000000)(12,5.000000)(8,5.000000)
uid:377(89,5.000000)(87,5.000000)(42,5.000000)
uid:378(43,5.000000)(27,5.000000)(5,5.000000)
uid:379(55,5.000000)(43,5.000000)(46,5.000000)
uid:380(27,5.000000)(20,5.000000)(26,5.000000)
uid:381(41,5.000000)(37,5.000000)(4,5.000000)
uid:382(117,5.000000)(57,5.000000)(21,5.000000)
uid:383(76,5.000000)(54,5.000000)(41,5.000000)
uid:384(55,5.000000)(43,5.000000)(49,5.000000)
uid:385(38,5.000000)(12,5.000000)(15,5.000000)
uid:386(21,5.000000)(17,5.000000)(12,5.000000)
uid:387(6,5.000000)(5,5.000000)(3,5.000000)
uid:388(55,5.000000)(54,5.000000)(26,5.000000)
uid:389(41,5.000000)(13,5.000000)(37,5.000000)
uid:390(76,5.000000)(55,5.000000)(42,5.000000)
uid:391(54,5.000000)(12,5.000000)(8,5.000000)
uid:392(46,5.000000)(41,5.000000)(4,5.000000)
uid:393(45,5.000000)(38,5.000000)(12,5.000000)
uid:394(92,5.000000)(80,5.000000)(41,5.000000)
uid:395(27,5.000000)(14,5.000000)(26,5.000000)
uid:396(80,5.000000)(37,5.000000)(58,5.000000)
uid:397(63,5.000000)(42,5.000000)(57,5.000000)
uid:398(57,5.000000)(9,5.000000)(60069,5.000000)
uid:399(58,5.000000)(40,5.000000)(14,5.000000)
uid:400(41,5.000000)(25,5.000000)(12,5.000000)
uid:401(9,5.000000)(8,5.000000)(7,5.000000)
uid:402(46,5.000000)(41,5.000000)(4,5.000000)
uid:403(21,5.000000)(10,5.000000)(4,5.000000)
uid:404(32,5.000000)(8,5.000000)(26,5.000000)
uid:405(49,5.000000)(28,5.000000)(60069,5.000000)
uid:406(7,5.000000)(6,5.000000)(3,5.000000)
uid:407(49,5.000000)(37,5.000000)(38,5.000000)
uid:408(40,5.000000)(38,5.000000)(35,5.000000)
uid:409(13,5.000000)(12,5.000000)(60069,5.000000)
uid:410(30,5.000000)(12,5.000000)(25,5.000000)
uid:411(44,5.000000)(40,5.000000)(4,5.000000)
uid:412(103,5.000000)(35,5.000000)(60069,5.000000)
uid:413(55,5.000000)(48,5.000000)(14,5.000000)
uid:414(44,5.000000)(43,5.000000)(17,5.000000)
uid:415(49,5.000000)(46,5.000000)(8,5.000000)
uid:416(154,5.000000)(68,5.000000)(41,5.000000)
uid:417(45,5.000000)(30,5.000000)(35,5.000000)
uid:418(43,5.000000)(35,5.000000)(41,5.000000)
uid:419(43,5.000000)(27,5.000000)(40,5.000000)
uid:420(46,5.000000)(18,5.000000)(9,5.000000)
uid:421(18,5.000000)(60069,5.000000)(4,5.000000)
uid:422(12,5.000000)(9,5.000000)(5,5.000000)
uid:423(8,5.000000)(5,5.000000)(4,5.000000)
uid:424(27,5.000000)(8,5.000000)(6,5.000000)
uid:425(20,5.000000)(9,5.000000)(4,5.000000)
uid:426(68,5.000000)(46,5.000000)(27,5.000000)
uid:427(48,5.000000)(44,5.000000)(8,5.000000)
uid:428(49,5.000000)(41,5.000000)(46,5.000000)
uid:429(71,5.000000)(34,5.000000)(61,5.000000)
uid:430(41,5.000000)(26,5.000000)(8,5.000000)
uid:431(37,5.000000)(8,5.000000)(4,5.000000)
uid:432(10,5.000000)(8,5.000000)(5,5.000000)
uid:433(26,5.000000)(9,5.000000)(8,5.000000)
uid:434(37,5.000000)(20,5.000000)(9,5.000000)
uid:435(46,5.000000)(4,5.000000)(5,5.000000)
uid:436(9,5.000000)(6,5.000000)(2,5.000000)
uid:437(55,5.000000)(46,5.000000)(18,5.000000)
uid:438(40,5.000000)(7,5.000000)(4,5.000000)
uid:439(12,5.000000)(60069,5.000000)(9,5.000000)
uid:440(37,5.000000)(12,5.000000)(21,5.000000)
uid:441(30,5.000000)(8,5.000000)(12,5.000000)
uid:442(117,5.000000)(78,5.000000)(20,5.000000)
uid:443(17,5.000000)(8,5.000000)(2,5.000000)
uid:444(7,5.000000)(4,5.000000)(3,5.000000)
uid:445(30,5.000000)(26,5.000000)(6,5.000000)
uid:446(14,5.000000)(7,5.000000)(4,5.000000)
uid:447(123,5.000000)(37,5.000000)(76,5.000000)
uid:448(14,5.000000)(8,5.000000)(9,5.000000)
uid:449(49,5.000000)(26,5.000000)(12,5.000000)
uid:450(28,5.000000)(23,5.000000)(5,5.000000)
uid:451(5,5.000000)(60069,5.000000)(4,5.000000)
uid:452(38,5.000000)(26,5.000000)(20,5.000000)
uid:453(27,5.000000)(20,5.000000)(4,5.000000)
uid:454(7,5.000000)(5,5.000000)(3,5.000000)
uid:455(35,5.000000)(30,5.000000)(28,5.000000)
uid:456(102,5.000000)(99,5.000000)(8,5.000000)
uid:457(49,5.000000)(37,5.000000)(21,5.000000)
uid:458(57,5.000000)(26,5.000000)(40,5.000000)
uid:459(41,5.000000)(28,5.000000)(17,5.000000)
uid:460(64,5.000000)(37,5.000000)(18,5.000000)
uid:461(38,5.000000)(20,5.000000)(60069,5.000000)
uid:462(61,5.000000)(48,5.000000)(54,5.000000)
uid:463(26,5.000000)(60069,5.000000)(12,5.000000)
uid:464(74,5.000000)(61,5.000000)(60069,5.000000)
uid:465(35,5.000000)(27,5.000000)(18,5.000000)
uid:466(64,5.000000)(18,5.000000)(55,5.000000)
uid:467(48,5.000000)(34,5.000000)(60069,5.000000)
uid:468(227,5.000000)(35,5.000000)(26,5.000000)
uid:469(26,5.000000)(18,5.000000)(12,5.000000)
uid:470(68,5.000000)(44,5.000000)(64,5.000000)
uid:471(76,5.000000)(57,5.000000)(49,5.000000)
uid:472(26,5.000000)(18,5.000000)(5,5.000000)
uid:473(17,5.000000)(5,5.000000)(4,5.000000)
uid:474(49,5.000000)(45,5.000000)(35,5.000000)
uid:475(46,5.000000)(9,5.000000)(27,5.000000)
uid:476(26,5.000000)(18,5.000000)(21,5.000000)
uid:477(23,5.000000)(21,5.000000)(5,5.000000)
uid:478(42,5.000000)(26,5.000000)(27,5.000000)
uid:479(30,5.000000)(21,5.000000)(23,5.000000)
uid:480(117,5.000000)(68,5.000000)(78,5.000000)
uid:481(69,5.000000)(37,5.000000)(30,5.000000)
uid:482(14,5.000000)(7,5.000000)(4,5.000000)
uid:483(41,5.000000)(27,5.000000)(4,5.000000)
uid:484(133419,5.000000)(18,5.000000)(7,5.000000)
uid:485(28,5.000000)(14,5.000000)(27,5.000000)
uid:486(35,5.000000)(9,5.000000)(26,5.000000)
uid:487(25,5.000000)(12,5.000000)(21,5.000000)
uid:488(6,5.000000)(4,5.000000)(5,5.000000)
uid:489(55,5.000000)(20,5.000000)(8,5.000000)
uid:490(42,5.000000)(26,5.000000)(133419,5.000000)
uid:491(37,5.000000)(26,5.000000)(60069,5.000000)
uid:492(6,5.000000)(4,5.000000)(3,5.000000)
uid:493(82,5.000000)(41,5.000000)(54,5.000000)
uid:494(61,5.000000)(8,5.000000)(4,5.000000)
uid:495(66665,5.000000)(8,5.000000)(12,5.000000)
uid:496(49,5.000000)(37,5.000000)(41,5.000000)
uid:497(68,5.000000)(37,5.000000)(26,5.000000)
uid:498(44,5.000000)(23,5.000000)(8,5.000000)
uid:499(8,5.000000)(5,5.000000)(3,5.000000)
uid:500(80,5.000000)(68,5.000000)(78,5.000000)
uid:501(61,5.000000)(45,5.000000)(8,5.000000)
uid:502(12,5.000000)(60069,5.000000)(9,5.000000)
uid:503(102,5.000000)(66,5.000000)(9,5.000000)
uid:504(66665,5.000000)(20,5.000000)(23,5.000000)
uid:505(147,5.000000)(145,5.000000)(9,5.000000)
uid:506(93,5.000000)(68,5.000000)(71,5.000000)
uid:507(37,5.000000)(60069,5.000000)(12,5.000000)
uid:508(37,5.000000)(12,5.000000)(26,5.000000)
uid:509(73,5.000000)(12,5.000000)(26,5.000000)
uid:510(45,5.000000)(37,5.000000)(5,5.000000)
uid:511(6,5.000000)(60069,5.000000)(5,5.000000)
uid:512(9,5.000000)(7,5.000000)(4,5.000000)
uid:513(40,5.000000)(25,5.000000)(20,5.000000)
uid:514(103,5.000000)(80,5.000000)(99,5.000000)
uid:515(21,5.000000)(18,5.000000)(4,5.000000)
uid:516(80,5.000000)(54,5.000000)(68,5.000000)
uid:517(79,5.000000)(78,5.000000)(37,5.000000)
uid:518(215,5.000000)(190,5.000000)(60,5.000000)
uid:519(23,5.000000)(12,5.000000)(13,5.000000)
uid:520(64,5.000000)(54,5.000000)(9,5.000000)
uid:521(42,5.000000)(35,5.000000)(8,5.000000)
uid:522(237,5.000000)(217,5.000000)(80219,5.000000)
uid:523(92,5.000000)(54,5.000000)(78,5.000000)
uid:524(46,5.000000)(43,5.000000)(9,5.000000)
uid:525(28,5.000000)(25,5.000000)(27,5.000000)
uid:526(92,5.000000)(79,5.000000)(25,5.000000)
uid:527(55,5.000000)(45,5.000000)(26,5.000000)
uid:528(121,5.000000)(64,5.000000)(48,5.000000)
uid:529(38,5.000000)(20,5.000000)(35,5.000000)
uid:530(35,5.000000)(30,5.000000)(9,5.000000)
uid:531(35,5.000000)(9,5.000000)(25,5.000000)
uid:532(55,5.000000)(14,5.000000)(4,5.000000)
uid:533(9,5.000000)(8,5.000000)(4,5.000000)
uid:534(48,5.000000)(37,5.000000)(60069,5.000000)
uid:535(103,5.000000)(59,5.000000)(49,5.000000)
uid:536(25,5.000000)(8,5.000000)(21,5.000000)
uid:537(46,5.000000)(26,5.000000)(18,5.000000)
uid:538(26,5.000000)(8,5.000000)(25,5.000000)
uid:539(14,5.000000)(10,5.000000)(6,5.000000)
uid:540(17,5.000000)(14,5.000000)(5,5.000000)
uid:541(9,5.000000)(5,5.000000)(6,5.000000)
uid:542(9,5.000000)(8,5.000000)(4,5.000000)
uid:543(34,5.000000)(8,5.000000)(4,5.000000)
uid:544(28,5.000000)(5,5.000000)(9,5.000000)
uid:545(13,5.000000)(9,5.000000)(12,5.000000)
uid:546(13,5.000000)(5,5.000000)(12,5.000000)
uid:547(64,5.000000)(26,5.000000)(5,5.000000)
uid:548(25,5.000000)(12,5.000000)(60069,5.000000)
uid:549(23,5.000000)(8,5.000000)(13,5.000000)
uid:550(68,5.000000)(4,5.000000)(49,5.000000)
uid:551(82,5.000000)(44,5.000000)(48,5.000000)
uid:552(38,5.000000)(12,5.000000)(25,5.000000)
uid:553(40,5.000000)(38,5.000000)(5,5.000000)
uid:554(45,5.000000)(27,5.000000)(12,5.000000)
uid:555(69,5.000000)(37,5.000000)(15,5.000000)
uid:556(18,5.000000)(12,5.000000)(8,5.000000)
uid:557(60,5.000000)(18,5.000000)(12,5.000000)
uid:558(20,5.000000)(9,5.000000)(60069,5.000000)
uid:559(12,5.000000)(9,5.000000)(4,5.000000)
uid:560(37,5.000000)(28,5.000000)(9,5.000000)
uid:561(103,5.000000)(68,5.000000)(54,5.000000)
uid:562(103,5.000000)(26,5.000000)(8,5.000000)
uid:563(21,5.000000)(8,5.000000)(5,5.000000)
uid:564(54,5.000000)(37,5.000000)(60069,5.000000)
uid:565(8,5.000000)(4,5.000000)(5,5.000000)
uid:566(21,5.000000)(13,5.000000)(14,5.000000)
uid:567(23,5.000000)(8,5.000000)(3,5.000000)
uid:568(26,5.000000)(12,5.000000)(18,5.000000)
uid:569(60,5.000000)(54,5.000000)(28,5.000000)
uid:570(55,5.000000)(43,5.000000)(27,5.000000)
uid:571(92,5.000000)(73,5.000000)(4,5.000000)
uid:572(23,5.000000)(9,5.000000)(4,5.000000)
uid:573(55,5.000000)(20,5.000000)(9,5.000000)
uid:574(177,5.000000)(54,5.000000)(55,5.000000)
uid:575(38,5.000000)(26,5.000000)(60069,5.000000)
uid:576(27,5.000000)(18,5.000000)(26,5.000000)
uid:577(35,5.000000)(21,5.000000)(25,5.000000)
uid:578(38,5.000000)(12,5.000000)(18,5.000000)
uid:579(45,5.000000)(41,5.000000)(28,5.000000)
uid:580(54,5.000000)(49,5.000000)(20,5.000000)
uid:581(9,5.000000)(5,5.000000)(2,5.000000)
uid:582(38,5.000000)(8,5.000000)(26,5.000000)
uid:583(35,5.000000)(9,5.000000)(11,5.000000)
uid:584(46,5.000000)(20,5.000000)(41,5.000000)
uid:585(35,5.000000)(20,5.000000)(5,5.000000)
uid:586(41,5.000000)(8,5.000000)(30,5.000000)
uid:587(46,5.000000)(35,5.000000)(38,5.000000)
uid:588(100083,5.000000)(15,5.000000)(60069,5.000000)
uid:589(87,5.000000)(54,5.000000)(79,5.000000)
uid:590(76,5.000000)(54,5.000000)(68,5.000000)
uid:591(168,5.000000)(146,5.000000)(71,5.000000)
uid:592(54,5.000000)(9,5.000000)(37,5.000000)
uid:593(37,5.000000)(8,5.000000)(4,5.000000)
uid:594(9,5.000000)(6,5.000000)(7,5.000000)
uid:595(21,5.000000)(18,5.000000)(9,5.000000)
uid:596(54,5.000000)(26,5.000000)(38,5.000000)
uid:597(55,5.000000)(26,5.000000)(18,5.000000)
uid:598(68,5.000000)(66,5.000000)(57,5.000000)
uid:599(30,5.000000)(26,5.000000)(18,5.000000)
uid:600(30,5.000000)(9,5.000000)(4,5.000000)
uid:601(57,5.000000)(6,5.000000)(7,5.000000)
uid:602(80,5.000000)(49,5.000000)(68,5.000000)
uid:603(54,5.000000)(4,5.000000)(60069,5.000000)
uid:604(26,5.000000)(25,5.000000)(4,5.000000)
uid:605(103,5.000000)(81,5.000000)(26,5.000000)
uid:606(7,5.000000)(5,5.000000)(4,5.000000)
uid:607(38,5.000000)(20,5.000000)(60069,5.000000)
uid:608(8,5.000000)(60069,5.000000)(5,5.000000)
uid:609(13,5.000000)(4,5.000000)(5,5.000000)
uid:610(57,5.000000)(40,5.000000)(21,5.000000)
uid:611(133419,5.000000)(16,5.000000)(4,5.000000)
uid:612(37,5.000000)(9,5.000000)(5,5.000000)
uid:613(80,5.000000)(68,5.000000)(35,5.000000)
uid:614(18,5.000000)(12,5.000000)(15,5.000000)
uid:615(20,5.000000)(9,5.000000)(5,5.000000)
uid:616(78,5.000000)(68,5.000000)(35,5.000000)
uid:617(61,5.000000)(6,5.000000)(37,5.000000)
uid:618(6,5.000000)(5,5.000000)(3,5.000000)
uid:619(63,5.000000)(41,5.000000)(49,5.000000)
uid:620(43,5.000000)(21,5.000000)(5,5.000000)
uid:621(55,5.000000)(41,5.000000)(9,5.000000)
uid:622(26,5.000000)(20,5.000000)(21,5.000000)
uid:623(27,5.000000)(21,5.000000)(9,5.000000)
uid:624(117,5.000000)(48,5.000000)(81,5.000000)
uid:625(20,5.000000)(6,5.000000)(8,5.000000)
uid:626(20,5.000000)(4,5.000000)(8,5.000000)
uid:627(123,5.000000)(49,5.000000)(121,5.000000)
uid:628(187,5.000000)(48,5.000000)(41,5.000000)
uid:629(36,5.000000)(26,5.000000)(18,5.000000)
uid:630(11,5.000000)(8,5.000000)(4,5.000000)
uid:631(5,5.000000)(60069,5.000000)(4,5.000000)
uid:632(8,5.000000)(7,5.000000)(60069,5.000000)
uid:633(100083,5.000000)(15,5.000000)(60069,5.000000)
uid:634(55,5.000000)(13,5.000000)(6,5.000000)
uid:635(13,5.000000)(12,5.000000)(8,5.000000)
uid:636(69,5.000000)(38,5.000000)(28,5.000000)
uid:637(26,5.000000)(25,5.000000)(9,5.000000)
uid:638(12,5.000000)(6,5.000000)(5,5.000000)
uid:639(15,5.000000)(12,5.000000)(60069,5.000000)
uid:640(34,5.000000)(32,5.000000)(15,5.000000)
uid:641(171,5.000000)(145,5.000000)(58,5.000000)
uid:642(6,5.000000)(5,5.000000)(4,5.000000)
uid:643(21,5.000000)(18,5.000000)(60069,5.000000)
uid:644(20,5.000000)(8,5.000000)(60069,5.000000)
uid:645(15,5.000000)(9,5.000000)(4,5.000000)
uid:646(49,5.000000)(25,5.000000)(60069,5.000000)
uid:647(44,5.000000)(37,5.000000)(5,5.000000)
uid:648(26,5.000000)(20,5.000000)(5,5.000000)
uid:649(25,5.000000)(12,5.000000)(60069,5.000000)
uid:650(25,5.000000)(8,5.000000)(6,5.000000)
uid:651(45,5.000000)(44,5.000000)(28,5.000000)
uid:652(76,5.000000)(54,5.000000)(37,5.000000)
uid:653(41,5.000000)(26,5.000000)(4,5.000000)
uid:654(20,5.000000)(60069,5.000000)(4,5.000000)
uid:655(64,5.000000)(45,5.000000)(4,5.000000)
uid:656(8,5.000000)(6,5.000000)(4,5.000000)
uid:657(59,5.000000)(46,5.000000)(15,5.000000)
uid:658(25,5.000000)(8,5.000000)(3,5.000000)
uid:659(48,5.000000)(37,5.000000)(60069,5.000000)
uid:660(43,5.000000)(42,5.000000)(8,5.000000)
uid:661(15,5.000000)(12,5.000000)(4,5.000000)
uid:662(58,5.000000)(49,5.000000)(26,5.000000)
uid:663(14,5.000000)(9,5.000000)(6,5.000000)
uid:664(80,5.000000)(68,5.000000)(9,5.000000)
uid:665(73,5.000000)(37,5.000000)(54,5.000000)
uid:666(40,5.000000)(38,5.000000)(8,5.000000)
uid:667(100083,5.000000)(15,5.000000)(18,5.000000)
uid:668(11,5.000000)(5,5.000000)(7,5.000000)
uid:669(37,5.000000)(6,5.000000)(26,5.000000)
uid:670(9,5.000000)(8,5.000000)(4,5.000000)
uid:671(48,5.000000)(41,5.000000)(46,5.000000)